%YAML:1.0
---
imageSize: [ 640, 480 ]
K1: !!opencv-matrix
   rows: 3
   cols: 3
   dt: d
   data: [ 595.87324030012689, 0., 329.81355047191209, 0.,
       597.73324263156655, 232.47205358092208, 0., 0., 1. ]
D1: !!opencv-matrix
   rows: 1
   cols: 5
   dt: d
   data: [ -0.032866022184447702, 0.039063658936710981,
       0.00067622339751814448, 7.255523624570247e-05, 0. ]
K2: !!opencv-matrix
   rows: 3
   cols: 3
   dt: d
   data: [ 601.46893804073204, 0., 336.15508445680069, 0.,
       602.9940180329196, 235.61979013647519, 0., 0., 1. ]
D2: !!opencv-matrix
   rows: 1
   cols: 5
   dt: d
   data: [ -0.025597771932102897, -0.021418347168466773,
       0.00089835658476778075, 5.5753936081511837e-05, 0. ]
R: !!opencv-matrix
   rows: 3
   cols: 3
   dt: d
   data: [ 0.99956739184068499, 0.0067665055348301419,
       -0.028622431267409779, -0.006459530751080955, 0.99992077224848741,
       0.010803873771212563, 0.028693268048208161, -0.010614312452324375,
       0.9995319068143238 ]
T: !!opencv-matrix
   rows: 3
   cols: 1
   dt: d
   data: [ -68.574957855203451, -0.053249427161618838,
       -0.17930942305495542 ]
E: !!opencv-matrix
   rows: 3
   cols: 3
   dt: d
   data: [ -0.0026861548191439346, 0.17986042283034248,
       -0.051287265094948631, 1.7884077947984305, -0.72908932728365372,
       68.547990656360398, 0.49618844004471702, -68.569164502938889,
       -0.7423993166028019 ]
F: !!opencv-matrix
   rows: 3
   cols: 3
   dt: d
   data: [ 9.473722651644729e-09, -6.3237065618482803e-07,
       0.00025166763343003668, -6.2915315734811307e-06,
       2.5569194104951546e-06, -0.14221331483304389,
       0.00042665838210596032, 0.14461350548095078, 0.99999999999999989 ]
R1: !!opencv-matrix
   rows: 3
   cols: 3
   dt: d
   data: [ 0.99963368423045951, 0.0075151759905144697,
       -0.02600037464479393, -0.0073755544812948255, 0.99995788451438394,
       0.0054617207555253807, 0.026040325419078386,
       -0.0052679528613570432, 0.99964701276236445 ]
R2: !!opencv-matrix
   rows: 3
   cols: 3
   dt: d
   data: [ 0.99999627995846785, 0.00077651129125012527,
       0.0026147847789419801, -0.00076247092301119244,
       0.9999853104621812, -0.0053663300258773037,
       -0.0026189133848197451, 0.0053643163655428634,
       0.99998218254257565 ]
P1: !!opencv-matrix
   rows: 3
   cols: 4
   dt: d
   data: [ 613.6036970548131, 0., 342.50381469726562, 0., 0.,
       613.6036970548131, 234.24333381652832, 0., 0., 0., 1., 0. ]
P2: !!opencv-matrix
   rows: 3
   cols: 4
   dt: d
   data: [ 613.6036970548131, 0., 342.50381469726562,
       -42078.004197254035, 0., 613.6036970548131, 234.24333381652832,
       0., 0., 0., 1., 0. ]
Q: !!opencv-matrix
   rows: 4
   cols: 4
   dt: d
   data: [ 1., 0., 0., -342.50381469726562, 0., 1., 0.,
       -234.24333381652832, 0., 0., 0., 613.6036970548131, 0., 0.,
       0.014582528538624372, 0. ]
validRoiLeft: [ 0, 0, 640, 480 ]
validRoiRight: [ 0, 0, 640, 479 ]
rmsEstereo: 0.36899894557605734
rmsLeft: 1.1487814869317059
rmsRight: 0.90274844121774012
muestrasUsadas: 14
muestrasTotales: 15
